275.59 0.03245 2589.9 2784.6 5.8902 0.027378 2581.0 2772.6 5.8148 0.023525 2570.5 2758.7 5.7450
300 0.03619 2668.4 2885.6 6.0703 0.029492 2633.5 2839.9 5.9337 0.024279 2592.3 2786.5 5.7937
350 0.04225 2790.4 3043.9 6.3357 0.035262 2770.1 3016.9 6.2305 0.029975 2748.3 2988.1 6.1321
400 0.04742 2893.7 3178.3 6.5432 0.039958 2879.5 3159.2 6.4502 0.034344 2864.6 3139.4 6.3658
450 0.05217 2989.9 3302.9 6.7219 0.044187 2979.0 3288.3 6.6353 0.038194 2967.8 3273.3 6.5579
500 0.05667 3083.1 3423.1 6.8826 0.048157 3074.3 3411.4 6.8000 0.041767 3065.4 3399.5 6.7266
550 0.06102 3175.2 3541.3 7.0308 0.051966 3167.9 3531.6 6.9507 0.045172 3160.5 3521.8 6.8800
600 0.06527 3267.2 3658.8 7.1693 0.055665 3261.0 3650.6 7.0910 0.048463 3254.7 3642.4 7.0221
700 0.07355 3453.0 3894.3 7.4247 0.062850 3448.3 3888.3 7.3487 0.054829 3443.6 3882.2 7.2822
800 0.08165 3643.2 4133.1 7.6582 0.069856 3639.5 4128.5 7.5836 0.061011 3635.7 4123.8 7.5185
900 0.08964 3838.8 4376.6 7.8751 0.076750 3835.7 4373.0 7.8014 0.067082 3832.7 4369.3 7.7372
1000 0.09756 4040.1 4625.4 8.0786 0.083571 4037.5 4622.5 8.0055 0.073079 4035.0 4619.6 7.9419
1100 0.10543 4247.1 4879.7 8.2709 0.090341 4245.0 4877.4 8.1982 0.079025 4242.8 4875.0 8.1350
1200 0.11326 4459.8 5139.4 8.4534 0.097075 4457.9 5137.4 8.3810 0.084934 4456.1 5135.5 8.3181
1300 0.12107 4677.7 5404.1 8.6273 0.103781 4676.1 5402.6 8.5551 0.090817 4674.5 5401.0 8.4925