375 0.001978 1799.9 1849.4 4.0345 0.001792 1738.1 1791.9 3.9313 0.001701 1702.8 1762.4 3.8724
400 0.006005 2428.5 2578.7 5.1400 0.002798 2068.9 2152.8 4.4758 0.002105 1914.9 1988.6 4.2144
425 0.007886 2607.8 2805.0 5.4708 0.005299 2452.9 2611.8 5.1473 0.003434 2253.3 2373.5 4.7751
450 0.009176 2721.2 2950.6 5.6759 0.006737 2618.9 2821.0 5.4422 0.004957 2497.5 2671.0 5.1946
500 0.011143 2887.3 3165.9 5.9643 0.008691 2824.0 3084.8 5.7956 0.006933 2755.3 2997.9 5.6331
550 0.012736 3020.8 3339.2 6.1816 0.010175 2974.5 3279.7 6.0403 0.008348 2925.8 3218.0 5.9093
600 0.014140 3140.0 3493.5 6.3637 0.011445 3103.4 3446.8 6.2373 0.009523 3065.6 3399.0 6.1229
650 0.015430 3251.9 3637.7 6.5243 0.012590 3221.7 3599.4 6.4074 0.010565 3190.9 3560.7 6.3030
700 0.016643 3359.9 3776.0 6.6702 0.013654 3334.3 3743.9 6.5599 0.011523 3308.3 3711.6 6.4623
800 0.018922 3570.7 4043.8 6.9322 0.015628 3551.2 4020.0 6.8301 0.013278 3531.6 3996.3 6.7409
900 0.021075 3780.2 4307.1 7.1668 0.017473 3764.6 4288.8 7.0695 0.014904 3749.0 4270.6 6.9853
1000 0.023150 3991.5 4570.2 7.3821 0.019240 3978.6 4555.8 7.2880 0.016450 3965.8 4541.5 7.2069
1100 0.025172 4206.1 4835.4 7.5825 0.020954 4195.2 4823.9 7.4906 0.017942 4184.4 4812.4 7.4118
1200 0.027157 4424.6 5103.5 7.7710 0.022630 4415.3 5094.2 7.6807 0.019398 4406.1 5085.0 7.6034
1300 0.029115 4647.2 5375.1 7.9494 0.024279 4639.2 5367.6 7.8602 0.020827 4631.2 5360.2 7.7841