201.37 0.12374 2594.8 2792.8 6.4200 0.11037 2597.3 2795.9 6.3775 0.09959 2599.1 2798.3 6.3390
225 0.13293 2645.1 2857.8 6.5537 0.11678 2637.0 2847.2 6.4825 0.10381 2628.5 2836.1 6.4160
250 0.14190 2692.9 2919.9 6.6753 0.12502 2686.7 2911.7 6.6088 0.11150 2680.3 2903.3 6.5475
300 0.15866 2781.6 3035.4 6.8864 0.14025 2777.4 3029.9 6.8246 0.12551 2773.2 3024.2 6.7684
350 0.17459 2866.6 3146.0 7.0713 0.15460 2863.6 3141.9 7.0120 0.13860 2860.5 3137.7 6.9583
400 0.19007 2950.8 3254.9 7.2394 0.16849 2948.3 3251.6 7.1814 0.15122 2945.9 3248.4 7.1292
500 0.22029 3120.1 3472.6 7.5410 0.19551 3118.5 3470.4 7.4845 0.17568 3116.9 3468.3 7.4337
600 0.24999 3293.9 3693.9 7.8101 0.22200 3292.7 3692.3 7.7543 0.19962 3291.5 3690.7 7.7043
700 0.27941 3473.5 3920.5 8.0558 0.24822 3472.6 3919.4 8.0005 0.22326 3471.7 3918.2 7.9509
800 0.30865 3659.5 4153.4 8.2834 0.27426 3658.8 4152.4 8.2284 0.24674 3658.0 4151.5 8.1791
900 0.33780 3852.1 4392.6 8.4965 0.30020 3851.5 4391.9 8.4417 0.27012 3850.9 4391.1 8.3925
1000 0.36687 4051.2 4638.2 8.6974 0.32606 4050.7 4637.6 8.6427 0.29342 4050.2 4637.1 8.5936
1100 0.39589 4256.6 4890.0 8.8878 0.35188 4256.2 4889.6 8.8331 0.31667 4255.7 4889.1 8.7842
1200 0.42488 4467.9 5147.7 9.0689 0.37766 4467.6 5147.3 9.0143 0.33989 4467.2 5147.0 8.9654
1300 0.45383 4684.8 5410.9 9.2418 0.40341 4684.5 5410.6 9.1872 0.36308 4684.2 5410.3 9.1384