49 14.670 2437.2 2583.9 8.1488 3.2403 2483.2 2645.2 7.5931 1.6941 2505.6 2675.0 7.3589
50 14.867 2443.3 2592.0 8.1741 0 0 0 0 0 0 0 0 
100 17.196 2515.5 2687.5 8.4489 3.4187 2511.5 2682.4 7.6953 1.6959 2506.2 2675.8 7.3611
150 19.513 2587.9 2783.0 8.6893 3.8897 2585.7 2780.2 7.9413 1.9367 2582.9 2776.6 7.6148
200 21.826 2661.4 2879.6 8.9049 4.3562 2660.0 2877.8 8.1592 2.1724 2658.2 2875.5 7.8356
250 24.136 2736.1 2977.5 9.1015 4.8206 2735.1 2976.2 8.3568 2.4062 2733.9 2974.5 8.0346
300 26.446 2812.3 3076.7 9.2827 5.2841 2811.6 3075.8 8.5387 2.6389 2810.7 3074.5 8.2172
400 31.063 2969.3 3280.0 9.6094 6.2094 2968.9 3279.3 8.8659 3.1027 2968.3 3278.6 8.5452
500 35.680 3132.9 3489.7 9.8998 7.1338 3132.6 3489.3 9.1566 3.5655 3132.2 3488.7 8.8362
600 40.296 3303.3 3706.3 10.1631 8.0577 3303.1 3706.0 9.4201 4.0279 3302.8 3705.6 9.0999
700 44.911 3480.8 3929.9 10.4056 8.9813 3480.6 3929.7 9.6626 4.4900 3480.4 3929.4 9.3424
800 49.527 3665.4 4160.6 10.6312 9.9047 3665.2 4160.4 9.8883 4.9519 3665.0 4160.2 9.5682
900 54.143 3856.9 4398.3 10.8429 10.8280 3856.8 4398.2 10.1000 5.4137 3856.7 4398.0 9.7800
1000 58.758 4055.3 4642.8 11.0429 11.7513 4055.2 4642.7 10.3000 5.8755 4055.0 4642.6 9.9800
1100 63.373 4260.0 4893.8 11.2326 12.6745 4259.9 4893.7 10.4897 6.3372 4259.8 4893.6 10.1698
1200 67.989 4470.9 5150.8 11.4132 13.5977 4470.8 5150.7 10.6704 6.7988 4470.7 5150.6 10.3504
1300 72.604 4687.4 5413.4 11.5857 14.5209 4687.3 5413.3 10.8429 7.2605 4687.2 5413.3 10.5229
