179.88 0.19437 2582.8 2777.1 6.5850 0.16326 2587.8 2783.8 6.5217 0.14078 2591.8 2788.9 6.4675
200 0.20602 2622.3 2828.3 6.6956 0.16934 2612.9 2816.1 6.5909 0.14303 2602.7 2803.0 6.4975
250 0.23275 2710.4 2943.1 6.9265 0.19241 2704.7 2935.6 6.8313 0.16356 2698.9 2927.9 6.7488
300 0.25799 2793.7 3051.6 7.1246 0.21386 2789.7 3046.3 7.0335 0.18233 2785.7 3040.9 6.9553
350 0.28250 2875.7 3158.2 7.3029 0.23455 2872.7 3154.2 7.2139 0.20029 2869.7 3150.1 7.1379
400 0.30661 2957.9 3264.5 7.4670 0.25482 2955.5 3261.3 7.3793 0.21782 2953.1 3258.1 7.3046
500 0.35411 3125.0 3479.1 7.7642 0.29464 3123.4 3477.0 7.6779 0.25216 3121.8 3474.8 7.6047
600 0.40111 3297.5 3698.6 8.0311 0.33395 3296.3 3697.0 7.9456 0.28597 3295.1 3695.5 7.8730
700 0.44783 3476.3 3924.1 8.2755 0.37297 3475.3 3922.9 8.1904 0.31951 3474.4 3921.7 8.1183
800 0.49438 3661.7 4156.1 8.5024 0.41184 3661.0 4155.2 8.4176 0.35288 3660.3 4154.3 8.3458
900 0.54083 3853.9 4394.8 8.7150 0.45059 3853.3 4394.0 8.6303 0.38614 3852.7 4393.3 8.5587
1000 0.58721 4052.7 4640.0 8.9155 0.48928 4052.2 4639.4 8.8310 0.41933 4051.7 4638.8 8.7595
1100 0.63354 4257.9 4891.4 9.1057 0.52792 4257.5 4891.0 9.0212 0.45247 4257.0 4890.5 8.9497
1200 0.67983 4469.0 5148.9 9.2866 0.56652 4468.7 5148.5 9.2022 0.48558 4468.3 5148.1 9.1308
1300 0.72610 4685.8 5411.9 9.4593 0.60509 4685.5 5411.6 9.3750 0.51866 4685.1 5411.3 9.3036