303.35 0.020489 2558.5 2742.9 5.6791 0.018028 2545.2 2725.5 5.6159 0.013496 2505.6 2674.3 5.4638
325 0.023284 2647.6 2857.1 5.8738 0.019877 2611.6 2810.3 5.7596 0 0 0 0
350 0.025816 2725.0 2957.3 6.0380 0.022440 2699.6 2924.0 5.9460 0.016138 2624.9 2826.6 5.7130
400 0.029960 2849.2 3118.8 6.2876 0.026436 2833.1 3097.5 6.2141 0.020030 2789.6 3040.0 6.0433
450 0.033524 2956.3 3258.0 6.4872 0.029782 2944.5 3242.4 6.4219 0.023019 2913.7 3201.5 6.2749
500 0.036793 3056.3 3387.4 6.6603 0.032811 3047.0 3375.1 6.5995 0.025630 3023.2 3343.6 6.4651
550 0.039885 3153.0 3512.0 6.8164 0.035655 3145.4 3502.0 6.7585 0.028033 3126.1 3476.5 6.6317
600 0.042861 3248.4 3634.1 6.9605 0.038378 3242.0 3625.8 6.9045 0.030306 3225.8 3604.6 6.7828
650 0.045755 3343.4 3755.2 7.0954 0.041018 3338.0 3748.1 7.0408 0.032491 3324.1 3730.2 6.9227
700 0.048589 3438.8 3876.1 7.2229 0.043597 3434.0 3870.0 7.1693 0.034612 3422.0 3854.6 7.0540
800 0.054132 3632.0 4119.2 7.4606 0.048629 3628.2 4114.5 7.4085 0.038724 3618.8 4102.8 7.2967
900 0.059562 3829.6 4365.7 7.6802 0.053547 3826.5 4362.0 7.6290 0.042720 3818.9 4352.9 7.5195
1000 0.064919 4032.4 4616.7 7.8855 0.058391 4029.9 4613.8 7.8349 0.046641 4023.5 4606.5 7.7269
1100 0.070224 4240.7 4872.7 8.0791 0.063183 4238.5 4870.3 8.0289 0.050510 4233.1 4864.5 7.9220
1200 0.075492 4454.2 5133.6 8.2625 0.067938 4452.4 5131.7 8.2126 0.054342 4447.7 5127.0 8.1065
1300 0.080733 4672.9 5399.5 8.4371 0.072667 4671.3 5398.0 8.3874 0.058147 4667.3 5394.1 8.2819