120 0.88578 2529.1 2706.3 7.1270 0.60582 2543.2 2724.9 6.9917 0.46242 2553.1 2738.1 6.8955
150 0.95986 2577.1 2769.1 7.2810 0.63402 2571.0 2761.2 7.0792 0.47088 2564.4 2752.8 6.9306
200 1.08049 2654.6 2870.7 7.5081 0.71643 2651.0 2865.9 7.3132 0.53434 2647.2 2860.9 7.1723
250 1.19890 2731.4 2971.2 7.7100 0.79645 2728.9 2967.9 7.5180 0.59520 2726.4 2964.5 7.3804
300 1.31623 2808.8 3072.1 7.8941 0.87535 2807.0 3069.6 7.7037 0.65489 2805.1 3067.1 7.5677
400 1.54934 2967.2 3277.0 8.2236 1.03155 2966.0 3275.5 8.0347 0.77265 2964.9 3273.9 7.9003
500 1.78142 3131.4 3487.7 8.5153 1.18672 3130.6 3486.6 8.3271 0.88936 3129.8 3485.5 8.1933
600 2.01302 3302.2 3704.8 8.7793 1.34139 3301.6 3704.0 8.5915 1.00558 3301.0 3703.3 8.4580
700 2.24434 3479.9 3928.8 9.0221 1.49580 3479.5 3928.2 8.8345 1.12152 3479.0 3927.6 8.7012
800 2.47550 3664.7 4159.8 9.2479 1.65004 3664.3 4159.3 9.0605 1.23730 3663.9 4158.9 8.9274
900 2.70656 3856.3 4397.7 9.4598 1.80417 3856.0 4397.3 9.2725 1.35298 3855.7 4396.9 9.1394
1000 2.93755 4054.8 4642.3 9.6599 1.95824 4054.5 4642.0 9.4726 1.46859 4054.3 4641.7 9.3396
1100 3.16848 4259.6 4893.3 9.8497 2.11226 4259.4 4893.1 9.6624 1.58414 4259.2 4892.9 9.5295
1200 3.39938 4470.5 5150.4 10.0304 2.26624 4470.3 5150.2 9.8431 1.69966 4470.2 5150.0 9.7102
1300 3.63026 4687.1 5413.1 10.2029 2.42019 4686.9 5413.0 10.0157 1.81516 4686.7 5412.8 9.8828