250.35 0.04978 2601.7 2800.8 6.0696 0.04406 2599.7 2798.0 6.0198 0.03945 2597.0 2794.2 5.9737
275 0.05461 2668.9 2887.3 6.2312 0.04733 2651.4 2864.4 6.1429 0.04144 2632.3 2839.5 6.0571
300 0.05887 2726.2 2961.7 6.3639 0.05138 2713.0 2944.2 6.2854 0.04535 2699.0 2925.7 6.2111
350 0.06647 2827.4 3093.3 6.5843 0.05842 2818.6 3081.5 6.5153 0.05197 2809.5 3069.3 6.4516
400 0.07343 2920.8 3214.5 6.7714 0.06477 2914.2 3205.7 6.7071 0.05784 2907.5 3196.7 6.6483
450 0.08004 3011.0 3331.2 6.9386 0.07076 3005.8 3324.2 6.8770 0.06332 3000.6 3317.2 6.8210
500 0.08644 3100.3 3446.0 7.0922 0.07652 3096.0 3440.4 7.0323 0.06858 3091.8 3434.7 6.9781
600 0.09886 3279.4 3674.9 7.3706 0.08766 3276.4 3670.9 7.3127 0.07870 3273.3 3666.9 7.2605
700 0.11098 3462.4 3906.3 7.6214 0.09850 3460.0 3903.3 7.5647 0.08852 3457.7 3900.3 7.5136
800 0.12292 3650.6 4142.3 7.8523 0.10916 3648.8 4140.0 7.7962 0.09816 3646.9 4137.7 7.7458
900 0.13476 3844.8 4383.9 8.0675 0.11972 3843.3 4382.1 8.0118 0.10769 3841.8 4380.2 7.9619
1000 0.14653 4045.1 4631.2 8.2698 0.13020 4043.9 4629.8 8.2144 0.11715 4042.6 4628.3 8.1648
1100 0.15824 4251.4 4884.4 8.4612 0.14064 4250.4 4883.2 8.4060 0.12655 4249.3 4882.1 8.3566
1200 0.16992 4463.5 5143.2 8.6430 0.15103 4462.6 5142.2 8.5880 0.13592 4461.6 5141.3 8.5388
1300 0.18157 4680.9 5407.2 8.8164 0.16140 4680.1 5406.5 8.7616 0.14527 4679.3 5405.7 8.7124