223.95 0.07995 2602.1 2801.9 6.2558 0.06667 2603.2 2803.2 6.1856 0.05706 2603.0 2802.7 6.1244
225 0.08026 2604.8 2805.5 6.2629 0 0 0 0 0 0 0 0
250 0.08705 2663.3 2880.9 6.4107 0.07063 2644.7 2856.5 6.2893 0.05876 2624.0 2829.7 6.1764
300 0.09894 2762.2 3009.6 6.6459 0.08118 2750.8 2994.3 6.5412 0.06845 2738.8 2978.4 6.4484
350 0.10979 2852.5 3127.0 6.8424 0.09056 2844.4 3116.1 6.7450 0.07680 2836.0 3104.9 6.6601
400 0.12012 2939.8 3240.1 7.0170 0.09938 2933.6 3231.7 6.9235 0.08456 2927.2 3223.2 6.8428
450 0.13015 3026.2 3351.6 7.1768 0.10789 3021.2 3344.9 7.0856 0.09198 3016.1 3338.1 7.0074
500 0.13999 3112.8 3462.8 7.3254 0.11620 3108.6 3457.2 7.2359 0.09919 3104.5 3451.7 7.1593
600 0.15931 3288.5 3686.8 7.5979 0.13245 3285.5 3682.8 7.5103 0.11325 3282.5 3678.9 7.4357
700 0.17835 3469.3 3915.2 7.8455 0.14841 3467.0 3912.2 7.7590 0.12702 3464.7 3909.3 7.6855
800 0.19722 3656.2 4149.2 8.0744 0.16420 3654.3 4146.9 7.9885 0.14061 3652.5 4144.6 7.9156
900 0.21597 3849.4 4389.3 8.2882 0.17988 3847.9 4387.5 8.2028 0.15410 3846.4 4385.7 8.1304
1000 0.23466 4049.0 4635.6 8.4897 0.19549 4047.7 4634.2 8.4045 0.16751 4046.4 4632.7 8.3324
1100 0.25330 4254.7 4887.9 8.6804 0.21105 4253.6 4886.7 8.5955 0.18087 4252.5 4885.6 8.5236
1200 0.27190 4466.3 5146.0 8.8618 0.22658 4465.3 5145.1 8.7771 0.19420 4464.4 5144.1 8.7053
1300 0.29048 4683.4 5409.5 9.0349 0.24207 4682.6 5408.8 8.9502 0.20750 4681.8 5408.0 8.8786