342.16 0.010341 2455.7 2610.8 5.3108 0.007932 2390.7 2529.5 5.1435 0.005862 2294.8 2412.1 4.9310
350 0.011481 2520.9 2693.1 5.4438 0 0 0 0 0 0 0 0
400 0.015671 2740.6 2975.7 5.8819 0.012463 2684.3 2902.4 5.7211 0.009950 2617.9 2816.9 5.5526
450 0.018477 2880.8 3157.9 6.1434 0.015204 2845.4 3111.4 6.0212 0.012721 2807.3 3061.7 5.9043
500 0.020828 2998.4 3310.8 6.3480 0.017385 2972.4 3276.7 6.2424 0.014793 2945.3 3241.2 6.1446
550 0.022945 3106.2 3450.4 6.5230 0.019305 3085.8 3423.6 6.4266 0.016571 3064.7 3396.2 6.3390
600 0.024921 3209.3 3583.1 6.6796 0.021073 3192.5 3561.3 6.5890 0.018185 3175.3 3539.0 6.5075
650 0.026804 3310.1 3712.1 6.8233 0.022742 3295.8 3693.8 6.7366 0.019695 3281.4 3675.3 6.6593
700 0.028621 3409.8 3839.1 6.9573 0.024342 3397.5 3823.5 6.8735 0.021134 3385.1 3807.8 6.7991
800 0.032121 3609.3 4091.1 7.2037 0.027405 3599.7 4079.3 7.1237 0.023870 3590.1 4067.5 7.0531
900 0.035503 3811.2 4343.7 7.4288 0.030348 3803.5 4334.6 7.3511 0.026484 3795.7 4325.4 7.2829
1000 0.038808 4017.1 4599.2 7.6378 0.033215 4010.7 4592.0 7.5616 0.029020 4004.3 4584.7 7.4950
1100 0.042062 4227.7 4858.6 7.8339 0.036029 4222.3 4852.8 7.7588 0.031504 4216.9 4847.0 7.6933
1200 0.045279 4443.1 5122.3 8.0192 0.038806 4438.5 5117.6 7.9449 0.033952 4433.8 5112.9 7.8802
1300 0.048469 4663.3 5390.3 8.1952 0.041556 4659.2 5386.5 8.1215 0.036371 4655.2 5382.7 8.0574