153.83 0.37483 2560.7 2748.1 6.8207 0.31560 2566.8 2756.2 6.7593 0.24035 2576.0 2768.3 6.6616
200 0.42503 2643.3 2855.8 7.0610 0.35212 2639.4 2850.6 6.9683 0.26088 2631.1 2839.8 6.8177
250 0.47443 2723.8 2961.0 7.2725 0.39390 2721.2 2957.6 7.1833 0.29321 2715.9 2950.4 7.0402
300 0.52261 2803.3 3064.6 7.4614 0.43442 2801.4 3062.0 7.3740 0.32416 2797.5 3056.9 7.2345
350 0.57015 2883.0 3168.1 7.6346 0.47428 2881.6 3166.1 7.5481 0.35442 2878.6 3162.2 7.4107
400 0.61731 2963.7 3272.4 7.7956 0.51374 2962.5 3270.8 7.7097 0.38429 2960.2 3267.7 7.5735
500 0.71095 3129.0 3484.5 8.0893 0.59200 3128.2 3483.4 8.0041 0.44332 3126.6 3481.3 7.8692
600 0.80409 3300.4 3702.5 8.3544 0.66976 3299.8 3701.7 8.2695 0.50186 3298.7 3700.1 8.1354
700 0.89696 3478.6 3927.0 8.5978 0.74725 3478.1 3926.4 8.5132 0.56011 3477.2 3925.3 8.3794
800 0.98966 3663.6 4158.4 8.8240 0.82457 3663.2 4157.9 8.7395 0.61820 3662.5 4157.0 8.6061
900 1.08227 3855.4 4396.6 9.0362 0.90179 3855.1 4396.2 8.9518 0.67619 3854.5 4395.5 8.8185
1000 1.17480 4054.0 4641.4 9.2364 0.97893 4053.8 4641.1 9.1521 0.73411 4053.3 4640.5 9.0189
1100 1.26728 4259.0 4892.6 9.4263 1.05603 4258.8 4892.4 9.3420 0.79197 4258.3 4891.9 9.2090
1200 1.35972 4470.0 5149.8 9.6071 1.13309 4469.8 5149.6 9.5229 0.84980 4469.4 5149.3 9.3898
1300 1.45214 4686.6 5412.6 9.7797 1.21012 4686.4 5412.5 9.6955 0.90761 4686.1 5412.2 9.5625